  2 23  2   22      2 2  
3  22    2  1 2  3231  32
313   2   2  3 3 2   3   
   123230  3   2 03  0  2
  2 1 1 3   3 32    3 3 3
     32 2 2   32   21  22
 3 3  2  2 3 3 1 2 12  2 
   213  2 212  2  1  3   
   1    12 13  32    1 2 
 21    212 12 12 3 22 3  
    1  2  2   1 22232 2  
 2 232 13 2223   222    2
  3 11    3 2     3 2 3 3
31122  2 2222 2    113 13
  3    32        1    2 3
3  223       032  2 13   
2 1 2 2 12 23 2   11  2  
  3  33 32 1 23   2 3  32
12  21   133 122  12020  
   2  22      3        3 
    2 1 2   3 22 23 1  2 
 2   3 3 2      21  2  22
  22 3 2   33 2   3 3  22
21 21211 122 31  11      
2     1232   3 3 2 3  1 3
2 23 2 21 211     22  2  
21 2 11  2    2  322  1  
  23  3  322   21231  2  
2 2  221   2  2      2 32
3 02  22221 33       32 3